%YAML:1.0
camera_matrix:!!opencv-matrix
  rows: 3
  cols: 3
  dt: d
  data: [546.981466872352, 0, 534.11563707671, 0, 547.934094223456, 386.746723151173, 0, 0, 1]
distortion_model: plumb_bob
distortion_coefficients:!!opencv-matrix
  rows: 1
  cols: 5
  dt: d
  data: [-0.307681966530503, 0.0710913712817639, -0.000261009941767966, -0.00146073123461237, 0]
rectification_matrix:!!opencv-matrix
  rows: 3
  cols: 3
  dt: d
  data: [0.999812812283813, -0.00123940365384993, 0.0193081400376787, 0.00126268899870639, 0.999998490178504, -0.00119384136534239, -0.0193066312344835, 0.00121799806891479, 0.999812867726296]
projection_matrix:!!opencv-matrix
  rows: 3
  cols: 4
  dt: d
  data: [452.26307663435, 0, 520.781078338623, 0, 0, 452.26307663435, 387.659984588623, 0, 0, 0, 1, 0]