%YAML:1.0
camera_matrix:!!opencv-matrix
  rows: 3
  cols: 3
  dt: d
  data: [549.604987402043, 0, 504.135793892367, 0, 549.507826703078, 390.917762904196, 0, 0, 1]
distortion_model: plumb_bob
distortion_coefficients:!!opencv-matrix
  rows: 1
  cols: 5
  dt: d
  data: [-0.311766902104213, 0.071188581353711, 0.000644803803516153, 0.00106688482098421, 0]
rectification_matrix:!!opencv-matrix
  rows: 3
  cols: 3
  dt: d
  data: [0.999564802128595, -0.00179277409073343, -0.0294447330889973, 0.00182828629680248, 0.999997633443381, 0.00117918482605346, 0.029442549394365, -0.00123250504934678, 0.9995657143062]
projection_matrix:!!opencv-matrix
  rows: 3
  cols: 4
  dt: d
  data: [452.26307663435, 0, 520.781078338623, -53.6446981508994, 0, 452.26307663435, 387.659984588623, 0, 0, 0, 1, 0]